100 4760
100 4750
100 4750
110 5366
110 5326
110 5344
120 5914
120 5902
120 5928
130 6522
130 6476
130 6534
140 7188
140 7120
140 7168
150 7794
150 7808
150 7856
160 8446
160 8546
160 8432
170 9074
170 9122
170 9118
180 9764
180 9822
180 9788
190 10410
190 10496
190 10420
200 11136
200 11064
200 11098
210 11778
210 11720
210 11742
220 12344
220 12318
220 12404
230 13114
230 13024
230 13076
240 13728
240 13742
240 13702
250 14384
250 14334
250 14378
260 15062
260 15108
260 15026
270 15816
270 15768
270 15858
280 16502
280 16524
280 16524
290 17218
290 17338
290 17348
300 18024
300 17976
300 18016
310 18734
310 18694
310 18748
320 19494
320 19420
320 19504
330 20222
330 20156
330 20186
340 20954
340 20956
340 20964
350 21680
350 21716
350 21632
360 22424
360 22422
360 22370
370 23272
370 23234
370 23208
380 23874
380 23942
380 23840
390 24534
390 24632
390 24640
400 25252
400 25410
400 25330
410 26132
410 26060
410 26142
420 26850
420 26772
420 26760
430 27514
430 27562
430 27584
440 28270
440 28320
440 28290
450 29020
450 28990
450 28952
460 29732
460 29682
460 29712
470 30416
470 30560
470 30460
480 31190
480 31236
480 31102
490 31930
490 32130
490 31920
500 32704
500 32776
500 32638
510 33506
510 33446
510 33410
520 34356
520 34204
520 34330
530 35076
530 34968
530 35074
540 35780
540 35836
540 35886
550 36590
550 36622
550 36760
560 37478
560 37616
560 37390
570 38252
570 38444
570 38282
580 39106
580 39152
580 39350
590 39938
590 39964
590 39890
600 40750
600 40754
600 40788
610 41650
610 41566
610 41432
620 42464
620 42330
620 42408
630 43344
630 43304
630 43226
640 44180
640 43998
640 44148
650 44852
650 44918
650 44786
660 45632
660 45864
660 45770
670 46564
670 46566
670 46468
680 47276
680 47322
680 47322
690 48148
690 48116
690 48130
700 48860
700 48824
700 48822
710 49782
710 49748
710 49700
720 50514
720 50648
720 50578
730 51434
730 51460
730 51396
740 52206
740 52236
740 52264
750 52966
750 53118
750 52988
760 53946
760 53948
760 53934
770 54560
770 54764
770 54656
780 55526
780 55618
780 55312
790 56178
790 56148
790 56170
800 56984
800 57026
800 57012
810 57954
810 57814
810 57840
820 58768
820 58776
820 58744
830 59406
830 59526
830 59524
840 60354
840 60334
840 60188
850 61108
850 61354
850 61108
860 61982
860 62090
860 62042
870 62838
870 62666
870 62666
880 63582
880 63492
880 63702
890 64416
890 64436
890 64402
900 65346
900 65340
900 65176
910 66068
910 66074
910 66038
920 67008
920 66894
920 66934
930 67722
930 67738
930 67752
940 68498
940 68436
940 68562
950 69178
950 69338
950 69336
960 70062
960 69988
960 70174
970 70870
970 70854
970 70926
980 71690
980 71904
980 71834
990 72508
990 72524
990 72530
1000 73314
1000 73344
1000 73478
1010 74152
1010 74262
1010 74204
1020 75224
1020 74902
1020 74852
1030 76016
1030 75812
1030 76018
1040 76744
1040 76896
1040 76824
1050 77656
1050 77556
1050 77804
1060 78704
1060 78480
1060 78580
1070 79518
1070 79602
1070 79584
1080 80252
1080 80556
1080 80338
1090 81250
1090 81454
1090 81512
1100 82178
1100 82310
1100 82108
1110 83020
1110 83062
1110 82968
1120 83926
1120 83836
1120 83912
1130 84748
1130 84854
1130 84766
1140 85738
1140 85752
1140 85914
1150 86598
1150 86742
1150 86730
1160 87640
1160 87586
1160 87416
1170 88410
1170 88526
1170 88442
1180 89402
1180 89236
1180 89320
1190 90216
1190 90032
1190 90298
1200 91192
1200 91334
1200 91018
1210 92018
1210 91926
1210 91972
1220 92994
1220 92746
1220 92982
1230 93708
1230 93686
1230 93790
1240 94626
1240 94770
1240 94636
1250 95644
1250 95608
1250 95464
1260 96408
1260 96496
1260 96536
1270 97480
1270 97298
1270 97310
1280 98102
1280 98388
1280 98182
1290 99202
1290 99186
1290 99076
1300 99920
1300 99990
1300 100222
1310 100960
1310 100936
1310 100974
1320 101816
1320 101828
1320 101938
1330 102710
1330 102670
1330 102782
1340 103632
1340 103646
1340 103694
1350 104558
1350 104614
1350 104696
1360 105512
1360 105356
1360 105434
1370 106334
1370 106360
1370 106266
1380 107268
1380 107276
1380 107194
1390 108116
1390 108026
1390 108258
1400 109158
1400 109118
1400 108920
1410 110050
1410 110068
1410 109890
1420 110882
1420 110826
1420 110760
1430 111666
1430 111620
1430 111788
1440 112792
1440 112702
1440 112554
1450 113494
1450 113328
1450 113532
1460 114456
1460 114332
1460 114220
1470 115354
1470 115398
1470 115430
1480 116202
1480 116186
1480 116240
1490 117266
1490 116918
1490 117104
1500 118046
1500 117848
1500 117906
1510 118772
1510 118870
1510 118906
1520 119592
1520 119552
1520 119744
1530 120630
1530 120594
1530 120644
1540 121606
1540 121632
1540 121516
1550 122488
1550 122464
1550 122458
1560 123282
1560 123484
1560 123406
1570 124422
1570 124334
1570 124200
1580 125182
1580 125228
1580 125104
1590 126050
1590 126038
1590 126086
1600 126944
1600 126974
1600 126912
1610 127732
1610 127966
1610 127926
1620 128508
1620 128494
1620 128686
1630 129596
1630 129576
1630 129558
1640 130306
1640 130572
1640 130494
1650 131548
1650 131422
1650 131616
1660 132096
1660 132460
1660 132418
1670 133082
1670 132980
1670 133348
1680 134224
1680 134216
1680 133914
1690 135274
1690 135096
1690 135298
1700 135708
1700 135878
1700 135822
1710 136636
1710 136812
1710 136798
1720 137836
1720 137938
1720 137758
1730 138508
1730 138588
1730 138322
1740 139420
1740 139498
1740 139562
1750 140390
1750 140440
1750 140378
1760 141200
1760 141082
1760 141060
1770 141992
1770 142202
1770 142234
1780 143160
1780 142856
1780 143014
1790 144084
1790 144104
1790 143898
1800 144806
1800 145092
1800 144908
1810 145662
1810 145722
1810 145884
1820 146622
1820 146434
1820 146692
1830 147684
1830 147438
1830 147676
1840 148368
1840 148546
1840 148544
1850 149398
1850 149608
1850 149070
1860 150010
1860 150208
1860 150008
1870 151200
1870 150906
1870 151012
1880 152046
1880 152008
1880 152106
1890 152912
1890 152834
1890 152598
1900 153782
1900 153706
1900 153818
1910 154700
1910 154706
1910 154580
1920 155504
1920 155698
1920 155502
1930 156356
1930 156456
1930 156580
1940 157194
1940 157542
1940 157164
1950 158276
1950 158198
1950 158432
1960 159084
1960 159074
1960 159240
1970 160136
1970 160168
1970 159866
1980 161050
1980 161288
1980 161094
1990 161768
1990 161918
1990 161898
2000 162656
2000 162764
2000 162590
2010 163524
2010 163386
2010 163336
2020 164470
2020 164582
2020 164484
2030 165398
2030 165572
2030 165502
2040 166302
2040 166484
2040 166450
2050 167114
2050 167058
2050 167168
2060 168146
2060 168304
2060 168008
2070 169106
2070 169144
2070 169010
2080 170262
2080 170156
2080 169894
2090 171142
2090 171252
2090 171012
2100 172084
2100 172234
2100 172308
2110 173136
2110 172982
2110 173324
2120 174014
2120 174068
2120 174156
2130 175100
2130 175138
2130 175242
2140 176140
2140 176132
2140 175952
2150 177126
2150 177004
2150 177190
2160 177996
2160 177912
2160 178146
2170 179236
2170 178922
2170 178918
2180 179982
2180 180104
2180 179872
2190 180842
2190 181116
2190 180714
2200 181924
2200 181900
2200 181888
2210 182836
2210 182924
2210 182816
2220 184056
2220 183820
2220 184172
2230 184788
2230 184782
2230 184876
2240 185894
2240 185944
2240 185910
2250 186638
2250 186786
2250 187094
2260 187682
2260 187870
2260 187568
2270 188766
2270 188810
2270 188690
2280 189652
2280 189354
2280 189784
2290 190670
2290 190464
2290 190816
2300 191844
2300 191606
2300 191590
2310 192544
2310 192538
2310 192638
2320 193688
2320 193602
2320 193718
2330 194330
2330 194474
2330 194670
2340 195700
2340 195428
2340 195700
2350 196490
2350 196612
2350 196756
2360 197510
2360 197204
2360 197564
2370 198524
2370 198470
2370 198384
2380 199330
2380 199478
2380 199354
2390 200394
2390 200486
2390 200328
2400 201644
2400 201624
2400 201350
2410 202382
2410 202372
2410 202638
2420 203400
2420 203376
2420 203390
2430 204164
2430 204298
2430 204132
2440 205218
2440 205264
2440 205032
2450 206224
2450 206052
2450 206490
2460 207122
2460 207256
2460 207408
2470 208230
2470 208298
2470 208332
2480 209280
2480 209166
2480 209268
2490 210270
2490 210386
2490 210070
2500 211162
2500 211284
2500 210990
2510 212204
2510 212452
2510 212200
2520 212936
2520 213180
2520 213026
2530 214156
2530 214148
2530 214184
2540 215078
2540 215136
2540 215152
2550 216084
2550 216266
2550 216140
2560 217360
2560 217342
2560 217058
2570 217824
2570 217814
2570 217820
2580 219358
2580 218826
2580 218928
2590 219972
2590 220272
2590 219936
2600 220814
2600 220980
2600 221124
2610 221732
2610 221934
2610 221936
2620 222788
2620 223026
2620 222912
2630 223850
2630 224054
2630 223678
2640 224950
2640 224942
2640 224784
2650 225866
2650 225870
2650 225622
2660 226734
2660 226954
2660 226928
2670 227730
2670 227928
2670 227962
2680 228692
2680 228560
2680 228876
2690 229790
2690 229726
2690 229676
2700 230664
2700 230714
2700 230708
2710 231752
2710 231408
2710 231606
2720 232478
2720 232520
2720 232756
2730 233298
2730 233594
2730 233568
2740 234812
2740 234406
2740 234312
2750 235442
2750 235692
2750 235582
2760 236712
2760 236520
2760 236618
2770 237408
2770 237562
2770 237752
2780 238282
2780 238606
2780 238560
2790 239480
2790 239290
2790 239240
2800 240580
2800 240356
2800 240248
2810 241390
2810 241488
2810 241510
2820 242244
2820 242468
2820 242266
2830 243498
2830 243658
2830 243196
2840 244278
2840 244256
2840 244152
2850 245500
2850 245300
2850 245144
2860 246274
2860 246346
2860 246496
2870 247068
2870 247312
2870 247234
2880 248182
2880 248470
2880 248050
2890 249710
2890 249298
2890 249218
2900 249956
2900 250128
2900 250014
2910 251448
2910 251264
2910 251022
2920 251968
2920 251784
2920 251954
2930 253070
2930 253432
2930 253212
2940 254142
2940 254272
2940 253916
2950 254890
2950 255188
2950 255236
2960 255832
2960 256228
2960 255836
2970 256956
2970 257066
2970 257404
2980 258116
2980 258102
2980 258010
2990 259084
2990 259016
2990 259016
3000 259416
3000 259830
3000 259906
3010 260762
3010 261148
3010 261090
3020 262032
3020 261702
3020 262112
3030 262766
3030 262672
3030 262804
3040 263564
3040 263540
3040 263714
3050 265064
3050 264816
3050 264834
3060 265584
3060 265754
3060 265748
3070 266738
3070 267012
3070 266710
3080 267748
3080 267534
3080 267490
3090 268822
3090 268790
3090 268636
3100 269774
3100 269510
3100 269562
3110 270752
3110 270796
3110 270862
3120 271472
3120 271662
3120 271682
3130 272656
3130 272678
3130 272702
3140 273422
3140 273350
3140 273450
3150 274308
3150 274390
3150 274666
3160 275536
3160 275458
3160 275396
3170 276260
3170 276422
3170 276614
3180 277564
3180 277264
3180 277332
3190 278412
3190 278336
3190 278832
3200 279274
3200 279512
3200 279478
3210 280506
3210 280866
3210 280750
3220 281444
3220 281522
3220 281280
3230 282164
3230 282314
3230 282374
3240 283190
3240 283398
3240 283314
3250 284224
3250 284468
3250 284116
3260 285560
3260 285144
3260 285330
3270 286170
3270 286046
3270 286388
3280 287512
3280 287066
3280 287222
3290 288066
3290 287850
3290 288060
3300 289094
3300 289384
3300 289262
3310 290286
3310 290176
3310 290242
3320 291212
3320 291158
3320 291072
3330 292130
3330 291952
3330 291656
3340 293224
3340 293262
3340 293052
3350 293910
3350 293950
3350 294044
3360 294998
3360 294860
3360 295194
3370 296064
3370 296348
3370 296316
3380 296980
3380 296874
3380 296914
3390 297968
3390 297876
3390 297960
3400 298886
3400 298752
3400 298940
3410 299940
3410 299678
3410 300086
3420 301068
3420 300996
3420 300812
3430 302154
3430 302266
3430 301830
3440 302762
3440 302828
3440 302840
3450 303664
3450 304128
3450 303802
3460 304860
3460 304474
3460 304894
3470 306044
3470 305674
3470 305778
3480 306944
3480 306702
3480 307060
3490 307862
3490 307782
3490 307350
3500 308766
3500 308680
3500 308870
3510 309424
3510 309676
3510 309750
3520 310668
3520 310944
3520 310482
3530 311674
3530 311728
3530 311426
3540 312608
3540 312646
3540 312908
3550 313550
3550 313658
3550 313606
3560 314496
3560 314628
3560 314560
3570 315934
3570 315526
3570 315732
3580 316562
3580 316418
3580 316512
3590 317462
3590 317444
3590 317630
3600 318326
3600 318458
3600 318484
3610 319782
3610 319536
3610 319394
3620 320296
3620 320832
3620 320430
3630 321204
3630 321392
3630 321358
3640 322574
3640 322496
3640 322178
3650 323766
3650 323294
3650 323286
3660 324676
3660 324128
3660 324270
3670 325212
3670 325182
3670 325120
3680 326306
3680 326184
3680 326224
3690 327162
3690 327124
3690 327374
3700 328112
3700 328530
3700 328314
3710 329140
3710 329202
3710 328958
3720 330082
3720 330592
3720 330138
3730 330936
3730 331360
3730 331022
3740 332390
3740 332260
3740 332340
3750 333078
3750 333134
3750 333146
3760 333944
3760 334088
3760 333946
3770 334866
3770 335084
3770 335032
3780 336222
3780 335998
3780 335940
3790 337296
3790 336752
3790 336930
3800 337792
3800 337892
3800 337980
3810 339218
3810 338978
3810 339110
3820 339890
3820 339756
3820 340162
3830 341048
3830 340928
3830 341090
3840 341978
3840 341912
3840 342138
3850 342804
3850 342766
3850 343002
3860 343972
3860 343920
3860 344022
3870 345036
3870 344954
3870 344706
3880 345744
3880 345646
3880 345852
3890 346512
3890 346620
3890 347320
3900 348040
3900 347878
3900 347684
3910 348348
3910 348610
3910 348962
3920 349672
3920 349484
3920 349618
3930 350758
3930 350784
3930 350404
3940 351692
3940 351410
3940 351468
3950 352400
3950 352492
3950 352548
3960 353254
3960 353486
3960 353522
3970 354522
3970 354524
3970 354572
3980 355194
3980 355754
3980 355474
3990 356398
3990 356310
3990 356506
4000 357340
4000 357270
4000 357280
4010 358346
4010 358772
4010 358970
4020 359432
4020 359610
4020 359226
4030 360378
4030 360422
4030 360226
4040 361362
4040 361300
4040 361352
4050 362254
4050 362022
4050 362160
4060 363192
4060 363076
4060 362950
4070 364424
4070 364458
4070 364282
4080 365444
4080 365344
4080 365196
4090 365986
4090 366244
4090 366114
4100 367194
4100 366814
4100 367370
4110 368372
4110 368346
4110 368534
4120 369228
4120 369490
4120 369404
4130 370024
4130 370408
4130 370590
4140 371510
4140 371602
4140 371414
4150 372350
4150 372240
4150 372358
4160 373918
4160 373322
4160 373872
4170 374836
4170 374658
4170 374880
4180 375788
4180 375608
4180 375902
4190 376764
4190 376736
4190 376852
4200 377852
4200 377604
4200 377960
4210 378964
4210 378736
4210 378848
4220 379890
4220 379976
4220 380110
4230 381142
4230 381078
4230 381120
4240 382388
4240 381996
4240 382006
4250 383262
4250 382924
4250 383140
4260 383960
4260 384110
4260 384074
4270 385752
4270 385044
4270 385460
4280 386454
4280 386254
4280 386284
4290 387086
4290 387656
4290 387056
4300 388400
4300 388738
4300 388410
4310 389126
4310 389658
4310 389938
4320 390376
4320 390250
4320 390182
4330 391428
4330 392016
4330 391732
4340 392702
4340 392628
4340 392574
4350 393598
4350 393750
4350 393516
4360 394526
4360 394578
4360 394932
4370 395652
4370 395788
4370 395916
4380 396658
4380 396802
4380 396612
4390 397996
4390 397714
4390 397706
4400 398888
4400 398958
4400 398832
4410 400012
4410 400152
4410 400384
4420 401030
4420 401140
4420 401140
4430 402134
4430 402260
4430 402424
4440 403412
4440 403198
4440 403302
4450 404014
4450 404214
4450 404406
4460 405226
4460 405262
4460 405460
4470 406954
4470 406102
4470 406582
4480 407088
4480 407710
4480 407302
4490 408376
4490 408410
4490 408134
4500 409522
4500 409798
4500 409606
4510 410490
4510 410672
4510 410630
4520 411854
4520 411370
4520 411596
4530 412492
4530 412672
4530 412656
4540 413782
4540 413978
4540 413558
4550 414924
4550 414784
4550 414602
4560 415882
4560 415912
4560 415738
4570 416658
4570 417054
4570 417208
4580 418388
4580 417970
4580 418138
4590 418970
4590 419054
4590 418726
4600 419784
4600 420098
4600 420030
4610 421034
4610 420988
4610 420882
4620 422062
4620 422348
4620 422234
4630 422796
4630 423240
4630 423556
4640 424246
4640 424300
4640 424002
4650 424970
4650 425544
4650 425546
4660 426422
4660 426418
4660 426426
4670 427622
4670 427388
4670 427128
4680 428852
4680 428796
4680 428366
4690 429476
4690 429436
4690 429350
4700 430442
4700 430464
4700 430980
4710 432062
4710 431578
4710 431684
4720 432642
4720 432782
4720 432390
4730 433920
4730 433300
4730 433792
4740 434568
4740 434858
4740 435052
4750 435844
4750 436146
4750 436280
4760 437346
4760 437072
4760 437064
4770 437984
4770 438166
4770 438162
4780 439050
4780 439188
4780 439036
4790 440232
4790 439850
4790 439752
4800 441418
4800 441662
4800 441046
4810 442346
4810 442570
4810 442238
4820 443314
4820 443166
4820 443452
4830 444072
4830 444346
4830 444498
4840 445016
4840 445462
4840 445360
4850 446580
4850 446648
4850 446420
4860 447576
4860 447490
4860 447720
4870 448328
4870 448432
4870 449022
4880 449710
4880 449438
4880 449514
4890 450332
4890 450942
4890 450822
4900 451570
4900 452026
4900 451578
4910 452846
4910 452840
4910 452972
4920 453788
4920 453738
4920 453624
4930 455166
4930 455084
4930 455116
4940 455646
4940 456144
4940 456118
4950 457098
4950 457244
4950 457222
4960 458046
4960 458130
4960 458150
4970 459118
4970 459106
4970 459086
4980 460400
4980 460056
4980 460612
4990 461130
4990 461036
4990 461242
5000 462570
5000 461958
5000 462210
5010 463212
5010 463280
5010 463342
5020 464470
5020 464314
5020 464574
5030 465582
5030 465430
5030 465622
5040 466166
5040 466830
5040 466502
5050 467268
5050 467660
5050 467382
5060 468386
5060 468538
5060 468726
5070 469496
5070 469550
5070 469762
5080 470438
5080 471016
5080 470912
5090 471962
5090 472270
5090 471882
5100 472850
5100 472948
5100 472290
5110 473650
5110 474264
5110 473632
5120 474966
5120 474672
5120 474748
5130 475640
5130 475886
5130 475938
5140 476562
5140 476702
5140 476686
5150 478168
5150 478330
5150 477950
5160 479202
5160 478966
5160 479266
5170 479962
5170 480174
5170 480380
5180 480942
5180 481438
5180 481446
5190 482394
5190 482344
5190 481982
5200 483204
5200 482966
5200 483388
5210 484598
5210 484552
5210 484880
5220 485598
5220 485630
5220 485626
5230 486628
5230 487062
5230 486504
5240 487720
5240 487344
5240 487534
5250 488872
5250 488536
5250 488526
5260 489610
5260 489844
5260 489848
5270 490968
5270 490944
5270 490760
5280 492254
5280 491934
5280 492044
5290 492842
5290 493136
5290 492964
5300 493778
5300 493944
5300 493908
5310 495028
5310 495210
5310 495122
5320 495982
5320 496202
5320 495770
5330 497010
5330 496804
5330 497214
5340 498102
5340 498482
5340 498286
5350 499034
5350 499330
5350 499156
5360 500150
5360 499968
5360 500322
5370 501142
5370 501016
5370 501560
5380 502556
5380 502374
5380 502980
5390 504012
5390 503354
5390 503776
5400 504260
5400 504474
5400 504276
5410 505296
5410 505956
5410 505296
5420 506388
5420 506584
5420 506554
5430 507784
5430 507696
5430 507980
5440 508778
5440 508752
5440 508684
5450 509378
5450 509506
5450 509420
5460 510636
5460 510730
5460 511008
5470 511824
5470 511976
5470 512168
5480 512800
5480 512522
5480 512988
5490 514120
5490 514416
5490 514112
5500 514778
5500 515116
5500 514994
5510 516262
5510 515902
5510 515980
5520 517298
5520 516910
5520 517232
5530 518374
5530 518476
5530 518134
5540 519782
5540 519346
5540 519442
5550 520192
5550 520652
5550 520054
5560 521452
5560 521838
5560 521800
5570 522504
5570 522492
5570 522368
5580 523652
5580 523714
5580 523578
5590 524548
5590 524760
5590 524538
5600 525380
5600 525398
5600 526006
5610 526570
5610 526542
5610 526774
5620 527964
5620 527860
5620 527790
5630 528706
5630 528222
5630 528810
5640 529792
5640 529652
5640 529856
5650 531018
5650 531046
5650 530638
5660 532178
5660 532390
5660 531558
5670 533012
5670 533130
5670 533200
5680 534118
5680 534212
5680 533746
5690 535454
5690 534900
5690 535116
5700 536000
5700 536052
5700 535830
5710 537028
5710 537274
5710 537166
5720 538202
5720 538472
5720 538130
5730 539436
5730 538998
5730 539332
5740 540562
5740 540694
5740 539900
5750 541568
5750 541370
5750 541508
5760 542610
5760 542330
5760 542122
5770 543414
5770 543442
5770 543334
5780 545108
5780 544396
5780 544350
5790 545758
5790 545692
5790 545706
5800 546788
5800 546384
5800 546738
5810 547640
5810 547708
5810 547610
5820 549102
5820 548776
5820 548908
5830 550368
5830 549498
5830 550102
5840 550836
5840 551058
5840 550898
5850 552330
5850 552308
5850 552144
5860 553376
5860 552636
5860 553732
5870 553992
5870 553924
5870 554064
5880 555164
5880 555082
5880 555284
5890 556196
5890 555972
5890 555654
5900 557198
5900 557150
5900 556860
5910 558354
5910 558434
5910 558140
5920 559302
5920 559878
5920 559396
5930 560370
5930 560480
5930 560046
5940 561592
5940 561562
5940 561246
5950 562808
5950 562534
5950 562996
5960 563826
5960 563892
5960 563358
5970 564794
5970 565016
5970 564584
5980 565618
5980 565596
5980 565548
5990 566848
5990 566386
5990 566712
6000 567498
6000 567780
6000 568002
6010 568810
6010 569020
6010 569134
6020 569996
6020 569862
6020 569994
6030 571090
6030 570924
6030 571112
6040 572328
6040 571956
6040 572434
6050 573368
6050 573290
6050 573314
6060 574174
6060 574348
6060 574184
6070 575390
6070 574818
6070 575462
6080 576130
6080 576414
6080 576258
6090 577572
6090 577486
6090 577214
6100 578784
6100 578576
6100 578358
6110 579362
6110 579330
6110 579366
6120 580886
6120 580246
6120 580414
6130 581472
6130 581596
6130 581252
6140 582502
6140 582704
6140 582684
6150 584180
6150 583418
6150 583514
6160 584288
6160 584694
6160 585166
6170 585650
6170 585842
6170 585694
6180 586992
6180 586410
6180 587028
6190 587938
6190 588376
6190 587862
6200 588646
6200 588696
6200 588702
6210 590176
6210 589916
6210 590246
6220 591044
6220 591462
6220 591136
6230 592072
6230 592556
6230 592280
6240 593398
6240 592986
6240 593060
6250 594132
6250 594128
6250 593916
6260 595194
6260 595818
6260 594908
6270 596302
6270 595890
6270 596402
6280 597426
6280 597672
6280 597202
6290 598430
6290 598274
6290 598326
6300 599238
6300 599636
6300 599376
6310 600446
6310 600660
6310 600468
6320 601570
6320 602002
6320 601674
6330 603114
6330 603230
6330 602570
6340 603440
6340 603694
6340 603614
6350 604666
6350 604460
6350 604720
6360 605680
6360 605878
6360 606066
6370 606872
6370 607046
6370 607204
6380 608054
6380 608418
6380 607810
6390 608764
6390 609110
6390 608698
6400 610188
6400 609734
6400 610434
6410 611124
6410 611148
6410 611236
6420 611980
6420 612510
6420 612046
6430 613518
6430 613194
6430 612906
6440 614380
6440 614156
6440 614126
6450 615272
6450 615516
6450 615516
6460 616072
6460 616358
6460 616666
6470 617198
6470 616918
6470 617612
6480 618546
6480 618250
6480 618332
6490 619652
6490 619368
6490 619574
6500 620630
6500 620706
6500 620540
6510 621474
6510 621868
6510 621674
6520 622956
6520 623104
6520 622318
6530 623526
6530 623740
6530 623962
6540 624932
6540 624710
6540 624778
6550 626042
6550 626164
6550 626004
6560 626892
6560 626884
6560 627172
6570 627990
6570 628152
6570 628454
6580 628990
6580 628964
6580 629038
6590 630436
6590 629830
6590 630362
6600 631110
6600 630974
6600 631158
6610 632132
6610 632404
6610 632558
6620 633706
6620 633324
6620 633238
6630 634210
6630 633988
6630 634238
6640 635486
6640 635312
6640 635228
6650 636606
6650 636610
6650 637048
6660 637436
6660 637764
6660 637764
6670 638776
6670 638766
6670 638540
6680 639742
6680 639202
6680 639750
6690 640538
6690 640534
6690 640940
6700 641746
6700 641642
6700 641840
6710 642664
6710 642664
6710 642916
6720 644224
6720 644056
6720 643590
6730 644796
6730 645148
6730 644958
6740 646388
6740 646342
6740 646372
6750 647366
6750 646782
6750 646714
6760 647916
6760 648404
6760 648070
6770 649278
6770 649344
6770 649108
6780 650562
6780 650174
6780 649776
6790 650992
6790 650986
6790 651306
6800 652166
6800 651824
6800 652140
6810 653292
6810 653068
6810 653110
6820 654746
6820 654006
6820 654466
6830 655740
6830 655746
6830 655784
6840 656620
6840 656588
6840 656528
6850 657330
6850 657630
6850 657618
6860 658486
6860 658638
6860 658806
6870 659330
6870 659624
6870 659850
6880 660792
6880 660790
6880 660488
6890 661670
6890 662150
6890 661646
6900 663110
6900 662380
6900 662558
6910 663852
6910 664436
6910 663726
6920 664696
6920 665038
6920 665068
6930 666274
6930 666090
6930 666392
6940 667110
6940 666560
6940 667250
6950 667764
6950 667986
6950 667452
6960 669474
6960 669390
6960 669438
6970 670252
6970 670566
6970 670404
6980 671314
6980 671030
6980 671550
6990 672348
6990 672164
6990 671828
7000 673690
7000 673396
7000 673534
7010 674344
7010 674898
7010 674460
7020 675810
7020 675272
7020 675706
7030 676790
7030 676532
7030 676842
7040 677688
7040 677472
7040 677396
7050 678698
7050 678974
7050 678442
7060 679736
7060 679748
7060 679856
7070 680774
7070 680348
7070 680780
7080 681650
7080 681792
7080 682022
7090 682794
7090 683148
7090 683004
7100 684000
7100 684150
7100 684052
7110 684626
7110 684894
7110 684838
7120 685998
7120 686434
7120 685464
7130 687070
7130 686838
7130 686682
7140 688124
7140 687964
7140 688064
7150 689306
7150 688806
7150 689548
7160 690658
7160 689936
7160 690180
7170 691158
7170 691386
7170 691276
7180 692750
7180 692452
7180 692854
7190 693446
7190 693110
7190 693696
7200 694420
7200 694156
7200 694242
7210 695572
7210 695664
7210 695262
7220 696614
7220 696434
7220 696758
7230 697732
7230 697496
7230 697434
7240 699020
7240 698896
7240 698662
7250 699760
7250 699628
7250 699554
7260 701150
7260 701352
7260 700798
7270 701876
7270 702156
7270 701678
7280 703232
7280 702692
7280 703024
7290 703986
7290 703638
7290 703832
7300 705198
7300 705098
7300 704984
7310 706532
7310 705750
7310 705858
7320 707698
7320 707032
7320 706866
7330 708178
7330 708228
7330 707856
7340 709406
7340 709518
7340 709718
7350 710448
7350 710442
7350 710672
7360 711312
7360 711246
7360 711648
7370 712714
7370 712546
7370 712376
7380 713628
7380 713448
7380 713326
7390 714186
7390 714550
7390 714600
7400 715882
7400 715756
7400 715718
7410 716748
7410 716452
7410 716898
7420 717208
7420 718388
7420 717778
7430 718748
7430 719016
7430 718574
7440 720088
7440 720342
7440 719986
7450 721096
7450 720884
7450 720808
7460 722068
7460 722154
7460 722056
7470 723310
7470 722998
7470 723382
7480 724124
7480 724200
7480 724320
7490 724982
7490 725100
7490 725092
7500 726234
7500 726232
7500 726064
7510 726986
7510 727390
7510 727264
7520 728218
7520 728242
7520 729016
7530 728808
7530 729402
7530 729964
7540 730726
7540 730458
7540 730716
7550 731826
7550 731854
7550 731714
7560 732690
7560 732812
7560 732346
7570 733448
7570 733570
7570 733728
7580 734552
7580 734900
7580 734418
7590 735172
7590 735978
7590 735572
7600 736930
7600 736862
7600 736832
7610 738350
7610 737768
7610 737888
7620 738888
7620 739090
7620 739372
7630 739950
7630 740036
7630 739866
7640 741160
7640 741188
7640 741354
7650 742444
7650 741952
7650 742444
7660 743332
7660 743122
7660 743170
7670 744268
7670 743826
7670 743736
7680 745378
7680 745016
7680 744978
7690 746070
7690 746240
7690 746344
7700 747620
7700 747854
7700 747554
7710 748698
7710 747970
7710 748436
7720 749020
7720 749186
7720 749488
7730 750596
7730 750628
7730 750386
7740 751234
7740 751412
7740 751352
7750 752896
7750 752224
7750 752450
7760 753488
7760 753054
7760 753486
7770 754098
7770 754320
7770 754898
7780 755632
7780 755676
7780 755594
7790 757256
7790 756368
7790 756636
7800 757846
7800 757796
7800 758170
7810 758654
7810 758672
7810 758972
7820 759336
7820 759816
7820 759728
7830 761240
7830 760584
7830 760874
7840 762104
7840 762142
7840 762162
7850 762882
7850 763402
7850 763042
7860 764154
7860 764054
7860 764322
7870 765174
7870 765324
7870 764906
7880 766494
7880 766242
7880 766282
7890 766952
7890 767318
7890 767166
7900 768486
7900 768700
7900 768650
7910 769346
7910 769290
7910 769358
7920 770046
7920 770716
7920 770692
7930 771584
7930 771602
7930 771600
7940 773210
7940 772894
7940 772496
7950 773820
7950 773748
7950 774058
7960 774870
7960 774988
7960 775022
7970 775518
7970 775910
7970 776212
7980 776800
7980 776944
7980 777416
7990 777480
7990 778016
7990 777828
8000 779154
8000 779086
8000 778776
8010 780344
8010 779850
8010 779712
8020 780808
8020 781234
8020 781226
8030 782088
8030 781764
8030 781906
8040 783150
8040 783678
8040 783292
8050 784604
8050 783928
8050 784562
8060 785336
8060 785166
8060 785366
8070 786644
8070 786152
8070 786070
8080 787358
8080 787562
8080 787100
8090 788594
8090 788438
8090 788182
8100 789498
8100 789192
8100 789076
8110 790340
8110 790016
8110 790114
8120 791400
8120 791866
8120 792134
8130 792730
8130 792782
8130 792706
8140 793890
8140 793812
8140 793620
8150 794988
8150 795116
8150 794726
8160 795448
8160 795438
8160 795598
8170 797420
8170 796958
8170 796784
8180 797496
8180 797934
8180 798074
8190 798598
8190 799194
8190 798942
8200 800294
8200 800220
8200 799834
8210 800772
8210 801756
8210 801360
8220 802996
8220 802332
8220 802958
8230 803542
8230 803814
8230 803504
8240 805752
8240 804604
8240 804448
8250 805868
8250 805412
8250 805630
8260 806918
8260 807066
8260 806766
8270 807760
8270 807654
8270 808214
8280 809480
8280 809376
8280 809356
8290 810376
8290 810324
8290 810238
8300 811676
8300 811250
8300 811392
8310 812688
8310 812702
8310 812568
8320 813556
8320 813350
8320 813852
8330 814990
8330 815394
8330 815224
8340 815474
8340 815836
8340 816374
8350 817424
8350 816858
8350 817426
8360 818696
8360 818430
8360 818494
8370 819428
8370 819338
8370 819714
8380 820356
8380 820940
8380 820438
8390 821950
8390 821656
8390 821414
8400 823176
8400 822394
8400 822538
8410 823984
8410 824112
8410 824054
8420 825366
8420 824946
8420 825116
8430 826018
8430 826302
8430 826110
8440 827498
8440 827482
8440 827390
8450 828408
8450 828470
8450 828344
8460 830010
8460 828988
8460 829842
8470 831052
8470 830656
8470 830888
8480 831956
8480 832086
8480 832004
8490 832790
8490 832638
8490 832918
8500 834444
8500 834102
8500 834214
8510 835160
8510 835306
8510 835228
8520 836448
8520 836378
8520 836874
8530 837178
8530 837478
8530 837496
8540 838424
8540 838642
8540 838446
8550 840100
8550 840072
8550 839670
8560 840504
8560 841434
8560 841314
8570 842302
8570 841858
8570 842528
8580 843684
8580 843074
8580 843434
8590 844598
8590 844242
8590 844478
8600 845618
8600 845678
8600 845802
8610 846914
8610 846766
8610 846800
8620 847760
8620 848442
8620 848072
8630 849026
8630 848940
8630 849218
8640 850502
8640 850162
8640 849868
8650 851382
8650 851020
8650 851048
8660 852688
8660 852360
8660 852486
8670 853354
8670 853946
8670 853224
8680 854886
8680 854598
8680 854518
8690 856096
8690 855652
8690 855588
8700 857408
8700 857128
8700 857034
8710 857612
8710 857792
8710 857612
8720 859082
8720 859328
8720 858902
8730 860396
8730 860350
8730 860168
8740 861270
8740 861992
8740 861314
8750 862788
8750 862098
8750 863010
8760 864120
8760 863212
8760 863816
8770 864954
8770 864914
8770 864848
8780 865946
8780 865858
8780 866284
8790 867188
8790 867082
8790 867202
8800 868012
8800 868178
8800 868500
8810 868974
8810 870244
8810 869526
8820 870816
8820 870488
8820 870400
8830 871550
8830 871192
8830 871408
8840 872866
8840 873268
8840 872562
8850 874388
8850 874088
8850 874016
8860 874944
8860 875034
8860 875250
8870 876378
8870 876190
8870 876284
8880 877082
8880 876838
8880 877816
8890 878854
8890 878236
8890 878432
8900 879336
8900 879518
8900 879886
8910 880496
8910 880856
8910 881292
8920 881930
8920 881656
8920 881732
8930 882912
8930 882980
8930 883328
8940 883680
8940 883956
8940 884132
8950 885350
8950 885306
8950 884756
8960 886528
8960 886694
8960 886718
8970 886740
8970 887488
8970 887578
8980 889318
8980 888596
8980 888636
8990 889854
8990 890112
8990 889936
9000 890960
9000 890808
9000 890642
9010 892332
9010 892486
9010 892008
9020 893122
9020 893348
9020 893324
9030 894314
9030 894074
9030 894544
9040 896454
9040 895542
9040 895404
9050 897296
9050 896966
9050 896934
9060 897628
9060 897960
9060 898132
9070 899066
9070 899140
9070 898802
9080 899948
9080 899720
9080 900414
9090 901060
9090 901338
9090 901312
9100 902504
9100 902532
9100 902306
9110 903646
9110 903896
9110 903370
9120 904396
9120 904696
9120 904858
9130 905518
9130 905454
9130 905832
9140 907186
9140 906966
9140 907128
9150 907714
9150 908116
9150 908228
9160 908790
9160 909284
9160 909062
9170 910404
9170 910126
9170 910086
9180 911518
9180 911440
9180 911956
9190 912666
9190 912476
9190 912124
9200 914118
9200 913594
9200 913932
9210 914682
9210 914992
9210 914874
9220 915874
9220 916194
9220 916266
9230 917008
9230 917086
9230 917122
9240 918200
9240 918590
9240 917588
9250 919590
9250 919826
9250 919050
9260 920642
9260 920982
9260 920670
9270 921088
9270 921354
9270 921532
9280 923050
9280 922424
9280 922944
9290 923912
9290 923910
9290 923918
9300 925148
9300 924960
9300 925472
9310 926554
9310 926544
9310 926290
9320 926940
9320 926852
9320 927488
9330 927790
9330 928206
9330 928314
9340 929834
9340 930138
9340 930082
9350 930918
9350 930972
9350 930580
9360 932050
9360 931902
9360 932012
9370 932702
9370 932772
9370 932800
9380 934456
9380 934708
9380 934356
9390 935432
9390 935064
9390 934852
9400 936410
9400 936808
9400 936522
9410 937654
9410 937478
9410 937628
9420 938822
9420 938568
9420 938874
9430 939158
9430 940018
9430 939934
9440 940980
9440 940920
9440 941456
9450 941902
9450 942018
9450 941892
9460 943256
9460 943246
9460 943274
9470 944630
9470 944178
9470 944684
9480 945926
9480 945370
9480 945492
9490 946294
9490 946320
9490 947284
9500 947718
9500 947940
9500 948362
9510 949152
9510 948852
9510 949224
9520 949712
9520 950062
9520 950658
9530 950992
9530 950812
9530 950674
9540 951906
9540 952610
9540 952270
9550 953334
9550 953426
9550 953104
9560 954662
9560 955034
9560 954914
9570 955736
9570 955878
9570 955762
9580 957106
9580 957100
9580 957042
9590 957588
9590 958494
9590 957540
9600 959172
9600 959298
9600 959150
9610 959810
9610 960538
9610 960180
9620 961474
9620 961374
9620 961102
9630 962510
9630 963020
9630 962224
9640 963794
9640 963772
9640 963132
9650 965000
9650 965110
9650 964076
9660 965740
9660 966524
9660 965766
9670 967146
9670 966630
9670 967620
9680 967958
9680 968454
9680 968124
9690 969776
9690 969774
9690 969616
9700 970892
9700 970950
9700 970288
9710 971952
9710 971792
9710 971578
9720 973086
9720 972744
9720 972974
9730 973722
9730 974482
9730 973788
9740 974946
9740 974870
9740 975462
9750 975798
9750 976288
9750 976144
9760 977062
9760 977140
9760 977446
9770 978504
9770 978154
9770 978058
9780 979346
9780 979442
9780 979754
9790 980362
9790 981026
9790 981048
9800 981922
9800 981456
9800 982356
9810 983242
9810 982978
9810 982770
9820 983914
9820 984358
9820 984186
9830 985884
9830 985286
9830 985682
9840 986238
9840 986688
9840 986374
9850 987670
9850 987582
9850 987818
9860 988636
9860 988526
9860 988852
9870 989594
9870 989624
9870 990054
9880 991096
9880 990668
9880 991110
9890 991520
9890 991992
9890 991812
9900 993034
9900 992792
9900 992766
9910 994610
9910 993978
9910 994336
9920 995342
9920 995596
9920 995752
9930 996928
9930 996610
9930 996682
9940 997622
9940 997358
9940 997932
9950 998838
9950 999258
9950 998394
9960 1000062
9960 1000198
9960 1000538
9970 1001170
9970 1001244
9970 1001348
9980 1002476
9980 1002170
9980 1002134
9990 1003868
9990 1003930
9990 1003734
10000 1004204
10000 1005156
10000 1004860
